1.887433821514371779e+00 4.796620014018124767e-01
4.025162076968218372e-01 -3.564759332999955510e-01
9.575058978985180325e-01 1.624279500920692010e-01
4.640995203972828054e-01 1.059642096120690935e-01
1.776572982069448026e+00 4.887090604667903015e-01
1.487491197930667530e+00 -1.217302346597615159e-03
2.094703062270442562e+00 5.711730599918991569e-01
-7.723362117832752727e-01 4.837010804627250860e-01
-3.112042780997900104e-01 1.277818797749649349e+00
2.979828576117663497e-01 8.678848930781360993e-01
1.282415312584197720e+00 -6.547642379549090119e-01
8.671007477125463048e-01 7.791113584708769801e-01
7.726581720294395383e-01 -6.526593957524134959e-01
1.408642463464703454e+00 1.777547378009716461e-01
-6.903324078193444624e-01 7.168887810392612359e-01
8.400523415262116655e-01 -4.240271693780477968e-01
1.347596606142293929e+00 -4.084901731491217824e-01
2.318373458727832903e-01 8.242916792172219065e-01
1.018706802042491505e-01 3.860949672008351374e-01
-7.924377185169252380e-01 -5.052742474849047927e-03
8.880287864552037780e-01 -3.824820092902788127e-01
9.650435589883588072e-01 7.254798295396845953e-01
7.652022752523685023e-01 3.446122232652717998e-01
1.096307260035811248e+00 3.162666587143286301e-01
1.181198001671402542e+00 -4.964821863238032540e-01
1.589061287235286946e+00 -9.534646542742575281e-02
3.245461547780622569e-01 9.838822014267230021e-01
5.981871299747719695e-01 -2.229223893752936281e-01
-1.158637983957603090e+00 3.968756530089541101e-01
-1.356425358682303572e-01 5.852870148880150447e-01
-4.960320131408019195e-01 5.896463719215416788e-01
9.942058002598326283e-01 3.725152509625855313e-01
6.568126981493290772e-01 7.954916965238840731e-01
-5.344655207836900290e-01 7.669196555240608282e-01
1.727827938644751260e+00 2.336269665455244504e-01
9.244088666193994719e-01 5.442300444882757215e-01
2.404239368460952542e-01 -8.639048409257991945e-02
1.532037644431071932e+00 -1.099746808150947885e-01
-5.675912192719617666e-01 5.514723795360809699e-01
-1.019387045006705961e+00 5.632179424509502486e-01
5.439941325337452893e-01 1.103466066637054155e+00
-3.028050545368627944e-01 1.133474930578471263e+00
-5.382964518887766170e-01 7.520287280249295936e-01
-5.051321098249219599e-01 8.387017776580750761e-01
1.728507170515044322e+00 2.804530468390005193e-01
1.593907720912613790e+00 -3.361181459248312881e-02
1.223009766354161476e+00 -3.900007680098522278e-01
9.509363298279790433e-01 -5.023677900596164037e-01
5.670926514744224489e-01 -2.149949495970820967e-01
-1.140742095635743469e+00 2.057077345316594696e-01
-3.380725392546904406e-02 4.923204376473128141e-02
1.250694906899705305e+00 -4.729116584687728109e-01
1.048033440237155389e+00 -1.567430302799684427e-01
2.443694180036493080e-02 -7.405440090173641410e-02
5.773497621149472625e-01 7.847262184606007551e-01
1.785140693046268767e+00 -9.877160476204899231e-02
7.315893014737004374e-02 -2.583759732114817020e-01
1.720167538217804992e+00 2.181881276535674596e-01
2.404955604318616824e-01 3.726942515763100872e-01
3.968277388313907750e-01 3.237022363902641864e-01
-3.247467324668971145e-01 9.503592310592157144e-01
-3.978687245789057636e-01 1.799678162727071928e-01
1.368044804361372435e+00 -2.660535696028231145e-01
1.930979581349927976e+00 -2.101852142680484814e-01
-1.117700323935885809e+00 -3.093111645622154682e-01
1.692796938520555683e+00 -1.460489451741218414e-01
-6.291931583670988815e-01 5.391407419139937485e-01
-6.002474567882261081e-01 3.030818871749684229e-01
-5.374400880506499112e-01 7.497052071385541527e-01
-9.912336959644583168e-01 4.054930792099727954e-01
8.972433247910273080e-01 5.305894965992195011e-01
4.354436814406097422e-01 7.756601810829732990e-02
2.229452958622522019e+00 4.779541689196151744e-01
-2.068775037740533951e-01 8.812424168010681846e-01
5.371908831130297601e-01 -5.630305177848715648e-02
-8.991462279395613655e-02 8.340773424837361061e-01
9.281383141538303017e-01 1.146352382250228619e-01
4.164682877693031138e-01 -9.332612612943290420e-02
4.063241659902964709e-01 -2.885549570371867545e-01
8.966850422605966431e-01 9.472175705821840597e-02
3.516639475400699100e-01 -2.886617221362736130e-02
1.260601744800864954e-01 1.331715622983789871e+00
8.677616075624686731e-01 -4.107284640728822156e-01
1.636730857673567019e-02 9.366148653816762648e-01
8.424204176984841919e-01 9.097699535086527511e-01
-8.563336459323370731e-01 6.851123821255649116e-01
-3.866800720094939470e-01 3.655072433602661874e-01
3.444280528724253387e-01 8.706695907910675380e-01
-7.347465501645729091e-01 3.903761565454424987e-01
1.909397695678075824e+00 6.764093072345493951e-01
1.014856732015217755e+00 7.263946616100255271e-01
-6.505343712023899938e-01 8.670685502254351640e-01
1.086666045386568857e+00 -8.531051104547071606e-02
5.593247261127064496e-01 9.717723240534136275e-01
5.664162450140417526e-01 5.030849645792679903e-01
8.857302076142448133e-01 5.315740934960101749e-02
6.579819223398435390e-01 -5.183934639803499111e-01
-5.467493662154909728e-02 -6.150047196507385516e-03
1.523944423897066525e+00 3.166534065160480083e-01
2.126200773355783891e-02 1.262519661055663933e+00
